Some((
    red: 0.0,
    green: 0.7372676,
    blue: 0.39320937,
))